StroyID	BackgroundID	TitleText	DialogueID	Poster1	IntimacyRequire	Awardcrystal	Awardecho
101	1	330460	330467	6	0	100	0
102	1	330461	330468	6	99	100	0
103	1	330462	330469	6	10	0	50
104	1	330463	330470	6	20	0	50
105	1	330464	330471	6	30	0	50
106	1	330465	330472	6	40	0	50
107	1	330466	330473	6	50	0	50
201	1	330096	330103	3	0	100	0
202	1	330097	330104	3	99	100	0
203	1	330098	330105	3	10	0	50
204	1	330099	330106	3	20	0	50
205	1	330100	330107	3	30	0	50
206	1	330101	330108	3	40	0	50
207	1	330102	330109	3	50	0	50
301	1	330292	330299	2	0	100	0
302	1	330293	330300	2	99	100	0
303	1	330294	330301	2	10	0	50
304	1	330295	330302	2	20	0	50
305	1	330296	330303	2	30	0	50
306	1	330297	330304	2	40	0	50
307	1	330298	330305	2	50	0	50
401	1	330054	330061	4	0	100	0
402	1	330055	330062	4	99	100	0
403	1	330056	330063	4	10	0	50
404	1	330057	330064	4	20	0	50
405	1	330058	330065	4	30	0	50
406	1	330059	330066	4	40	0	50
407	1	330060	330067	4	50	0	50
501	1	330474	330476	5	0	100	0
502	1	330475	330477	5	99	100	0
601	1	330180	330187	7	0	100	0
602	1	330181	330188	7	99	100	0
603	1	330182	330189	7	10	0	50
604	1	330183	330190	7	20	0	50
605	1	330184	330191	7	30	0	50
606	1	330185	330192	7	40	0	50
607	1	330186	330193	7	50	0	50
701	1	330320	330327	8	0	100	0
702	1	330321	330328	8	99	100	0
703	1	330322	330329	8	10	0	50
704	1	330323	330330	8	20	0	50
705	1	330324	330331	8	30	0	50
706	1	330325	330332	8	40	0	50
707	1	330326	330333	8	50	0	50
801	1	330068	330075	9	0	100	0
802	1	330069	330076	9	99	100	0
803	1	330070	330077	9	10	0	50
804	1	330071	330078	9	20	0	50
805	1	330072	330079	9	30	0	50
806	1	330073	330080	9	40	0	50
807	1	330074	330081	9	50	0	50
901	1	330166	330173	10	0	100	0
902	1	330167	330174	10	99	100	0
903	1	330168	330175	10	10	0	50
904	1	330169	330176	10	20	0	50
905	1	330170	330177	10	30	0	50
906	1	330171	330178	10	40	0	50
907	1	330172	330179	10	50	0	50
1001	1	330082	330089	20	0	100	0
1002	1	330083	330090	20	99	100	0
1003	1	330084	330091	20	10	0	50
1004	1	330085	330092	20	20	0	50
1005	1	330086	330093	20	30	0	50
1006	1	330087	330094	20	40	0	50
1007	1	330088	330095	20	50	0	50
1101	1	330390	330397	21	0	100	0
1102	1	330391	330398	21	99	100	0
1103	1	330392	330399	21	10	0	50
1104	1	330393	330400	21	20	0	50
1105	1	330394	330401	21	30	0	50
1106	1	330395	330402	21	40	0	50
1107	1	330396	330403	21	50	0	50
1201	1	330376	330383	22	0	100	0
1202	1	330377	330384	22	99	100	0
1203	1	330378	330385	22	10	0	50
1204	1	330379	330386	22	20	0	50
1205	1	330380	330387	22	30	0	50
1206	1	330381	330388	22	40	0	50
1207	1	330382	330389	22	50	0	50
1301	1	330124	330131	23	0	100	0
1302	1	330125	330132	23	99	100	0
1303	1	330126	330133	23	10	0	50
1304	1	330127	330134	23	20	0	50
1305	1	330128	330135	23	30	0	50
1306	1	330129	330136	23	40	0	50
1307	1	330130	330137	23	50	0	50
1401	1	330208	330215	24	0	100	0
1402	1	330209	330216	24	99	100	0
1403	1	330210	330217	24	10	0	50
1404	1	330211	330218	24	20	0	50
1405	1	330212	330219	24	30	0	50
1406	1	330213	330220	24	40	0	50
1407	1	330214	330221	24	50	0	50
1501	1	330418	330425	25	0	100	0
1502	1	330419	330426	25	99	100	0
1503	1	330420	330427	25	10	0	50
1504	1	330421	330428	25	20	0	50
1505	1	330422	330429	25	30	0	50
1506	1	330423	330430	25	40	0	50
1507	1	330424	330431	25	50	0	50
1601	1	330110	330117	27	0	100	0
1602	1	330111	330118	27	99	100	0
1603	1	330112	330119	27	10	0	50
1604	1	330113	330120	27	20	0	50
1605	1	330114	330121	27	30	0	50
1606	1	330115	330122	27	40	0	50
1607	1	330116	330123	27	50	0	50
1701	1	330152	330159	29	0	100	0
1702	1	330153	330160	29	99	100	0
1703	1	330154	330161	29	10	0	50
1704	1	330155	330162	29	20	0	50
1705	1	330156	330163	29	30	0	50
1706	1	330157	330164	29	40	0	50
1707	1	330158	330165	29	50	0	50
1801	1	330404	330411	31	0	100	0
1802	1	330405	330412	31	99	100	0
1803	1	330406	330413	31	10	0	50
1804	1	330407	330414	31	20	0	50
1805	1	330502	330503	31	30	0	50
1806	1	330408	330415	31	40	0	50
1807	1	330409	330416	31	50	0	50
1808	1	330410	330417	31	60	0	50
1901	1	330040	330047	30	0	100	0
1902	1	330046	330053	30	99	100	0
1903	1	330041	330048	30	10	0	50
1904	1	330042	330049	30	20	0	50
1905	1	330043	330050	30	30	0	50
1906	1	330044	330051	30	40	0	50
1907	1	330045	330052	30	50	0	50
2001	1	330138	330145	32	0	100	0
2002	1	330139	330146	32	99	100	0
2003	1	330140	330147	32	10	0	50
2004	1	330141	330148	32	20	0	50
2005	1	330142	330149	32	30	0	50
2006	1	330143	330150	32	40	0	50
2007	1	330144	330151	32	50	0	50
2101	1	330446	330453	37	0	100	0
2102	1	330447	330454	37	99	100	0
2103	1	330448	330455	37	10	0	50
2104	1	330449	330456	37	20	0	50
2105	1	330450	330457	37	30	0	50
2106	1	330451	330458	37	40	0	50
2107	1	330452	330459	37	50	0	50
2201	1	330278	330285	36	0	100	0
2202	1	330279	330286	36	99	100	0
2203	1	330280	330287	36	10	0	50
2204	1	330281	330288	36	20	0	50
2205	1	330282	330289	36	30	0	50
2206	1	330283	330290	36	40	0	50
2207	1	330284	330291	36	50	0	50
2301	1	330432	330439	35	0	100	0
2302	1	330433	330440	35	99	100	0
2303	1	330434	330441	35	10	0	50
2304	1	330435	330442	35	20	0	50
2305	1	330436	330443	35	30	0	50
2306	1	330437	330444	35	40	0	50
2307	1	330438	330445	35	50	0	50
2401	1	330306	330313	46	0	100	0
2402	1	330307	330314	46	99	100	0
2403	1	330308	330315	46	10	0	50
2404	1	330309	330316	46	20	0	50
2405	1	330310	330317	46	30	0	50
2406	1	330311	330318	46	40	0	50
2407	1	330312	330319	46	50	0	50
2501	1	330236	330243	49	0	100	0
2502	1	330237	330244	49	99	100	0
2503	1	330238	330245	49	10	0	50
2504	1	330239	330246	49	20	0	50
2505	1	330240	330247	49	30	0	50
2506	1	330241	330248	49	40	0	50
2507	1	330242	330249	49	50	0	50
2601	1	330236	330243	50	0	100	0
2602	1	330237	330244	50	99	100	0
2603	1	330238	330245	50	10	0	50
2604	1	330239	330246	50	20	0	50
2605	1	330240	330247	50	30	0	50
2606	1	330241	330248	50	40	0	50
2607	1	330242	330249	50	50	0	50
2701	1	330236	330243	51	0	100	0
2702	1	330237	330244	51	99	100	0
2703	1	330238	330245	51	10	0	50
2704	1	330239	330246	51	20	0	50
2705	1	330240	330247	51	30	0	50
2706	1	330241	330248	51	40	0	50
2707	1	330242	330249	51	50	0	50
2801	1	330222	330229	52	0	100	0
2802	1	330223	330230	52	99	100	0
2803	1	330224	330231	52	10	0	50
2804	1	330225	330232	52	20	0	50
2805	1	330226	330233	52	30	0	50
2806	1	330227	330234	52	40	0	50
2807	1	330228	330235	52	50	0	50
2901	1	330194	330201	53	0	100	0
2902	1	330195	330202	53	99	100	0
2903	1	330196	330203	53	10	0	50
2904	1	330197	330204	53	20	0	50
2905	1	330198	330205	53	30	0	50
2906	1	330199	330206	53	40	0	50
2907	1	330200	330207	53	50	0	50
3001	1	330264	330271	54	0	100	0
3002	1	330265	330272	54	99	100	0
3003	1	330266	330273	54	10	0	50
3004	1	330267	330274	54	20	0	50
3005	1	330268	330275	54	30	0	50
3006	1	330269	330276	54	40	0	50
3007	1	330270	330277	54	50	0	50
3101	1	330362	330369	55	0	100	0
3102	1	330363	330370	55	99	100	0
3103	1	330364	330371	55	10	0	50
3104	1	330365	330372	55	20	0	50
3105	1	330366	330373	55	30	0	50
3106	1	330367	330374	55	40	0	50
3107	1	330368	330375	55	50	0	50
3201	1	330250	330257	62	0	100	0
3202	1	330251	330258	62	99	100	0
3203	1	330252	330259	62	10	0	50
3204	1	330253	330260	62	20	0	50
3205	1	330254	330261	62	30	0	50
3206	1	330255	330262	62	40	0	50
3207	1	330256	330263	62	50	0	50
3301	1	330334	330341	63	0	100	0
3302	1	330335	330342	63	99	100	0
3303	1	330336	330343	63	10	0	50
3304	1	330337	330344	63	20	0	50
3305	1	330338	330345	63	30	0	50
3306	1	330339	330346	63	40	0	50
3307	1	330340	330347	63	50	0	50
3401	1	330348	330355	64	0	100	0
3402	1	330349	330356	64	99	100	0
3403	1	330350	330357	64	10	0	50
3404	1	330351	330358	64	20	0	50
3405	1	330352	330359	64	30	0	50
3406	1	330353	330360	64	40	0	50
3407	1	330354	330361	64	50	0	50
3501	1	330504	330506	68	0	0	250
3502	1	330505	330507	68	99	200	0
3601	1	330528	330530	69	0	0	250
3602	1	330529	330531	69	99	200	0
3701	1	330524	330526	70	0	0	250
3702	1	330525	330527	70	99	200	0
3801	1	330520	330522	71	0	0	250
3802	1	330521	330523	71	99	200	0
3901	1	330532	330534	72	0	0	250
3902	1	330533	330535	72	99	200	0
4001	1	330512	330514	73	0	0	250
4002	1	330513	330515	73	99	200	0
4101	1	330536	330538	74	0	0	250
4102	1	330537	330539	74	99	200	0
4201	1	330548	330550	75	0	0	250
4202	1	330549	330551	75	99	200	0
4301	1	330544	330546	76	0	0	250
4302	1	330545	330547	76	99	200	0
4401	1	330516	330518	77	0	0	250
4402	1	330517	330519	77	99	200	0
4501	1	330540	330542	78	0	0	250
4502	1	330541	330543	78	99	200	0
4601	1	330508	330510	79	0	0	250
4602	1	330509	330511	79	99	200	0
4701	1	330478	330483	80	0	100	0
4702	1	330479	330484	80	99	100	0
4703	1	330480	330485	80	10	0	50
4704	1	330481	330486	80	30	0	50
4705	1	330482	330487	80	50	0	50
4801	1	330488	330493	81	0	100	0
4802	1	330489	330494	81	99	100	0
4803	1	330490	330495	81	10	0	50
4804	1	330491	330496	81	30	0	50
4805	1	330492	330497	81	50	0	50
4901	1	330498	330500	85	0	0	250
4902	1	330499	330501	85	99	200	0
5001	1	330552	330556	91	0	100	0
5002	1	330555	330559	91	99	100	0
5003	1	330553	330557	91	30	0	100
5004	1	330554	330558	91	50	0	150
5011	1	330560	330562	93	0	0	250
5012	1	330561	330563	93	99	200	0
5021	1	330564	330569	95	0	100	0
5022	1	330565	330570	95	99	100	0
5023	1	330566	330571	95	10	0	50
5024	1	330567	330572	95	30	0	50
5025	1	330568	330573	95	50	0	50
5031	1	330574	330579	101	0	100	0
5032	1	330575	330580	101	99	100	0
5033	1	330576	330581	101	10	0	50
5034	1	330577	330582	101	30	0	50
5035	1	330578	330583	101	50	0	50
5041	1	330584	330588	102	0	100	0
5042	1	330585	330589	102	99	100	0
5043	1	330586	330590	102	30	0	100
5044	1	330587	330591	102	50	0	150
5051	1	330592	330597	103	0	100	0
5052	1	330593	330598	103	99	100	0
5053	1	330594	330599	103	10	0	50
5054	1	330595	330600	103	30	0	50
5055	1	330596	330601	103	50	0	50
5061	1	330602	330607	111	0	100	0
5062	1	330603	330608	111	99	100	0
5063	1	330604	330609	111	10	0	50
5064	1	330605	330610	111	30	0	50
5065	1	330606	330611	111	50	0	50
5066	1	330612	330617	112	0	100	0
5067	1	330613	330618	112	99	100	0
5068	1	330614	330619	112	10	0	50
5069	1	330615	330620	112	30	0	50
5070	1	330616	330621	112	50	0	150
5081	1	330622	330627	120	0	100	0
5082	1	330623	330628	120	99	100	0
5083	1	330624	330629	120	10	0	50
5084	1	330625	330630	120	30	0	50
5085	1	330626	330631	120	50	0	150
5091	1	330632	330637	128	0	100	0
5092	1	330633	330638	128	99	100	0
5093	1	330634	330639	128	10	0	50
5094	1	330635	330640	128	30	0	50
5095	1	330636	330641	128	50	0	150
5101	1	330642	330647	131	0	100	0
5102	1	330643	330648	131	99	100	0
5103	1	330644	330649	131	10	0	50
5104	1	330645	330650	131	30	0	50
5105	1	330646	330651	131	50	0	150
5201	1	330652	330657	134	0	100	0
5202	1	330653	330658	134	99	100	0
5203	1	330654	330659	134	10	0	50
5204	1	330655	330660	134	30	0	50
5205	1	330656	330661	134	50	0	150
5301	1	330662	330667	135	0	100	0
5302	1	330663	330668	135	99	100	0
5303	1	330664	330669	135	10	0	50
5304	1	330665	330670	135	30	0	50
5305	1	330666	330671	135	50	0	150
5401	1	330680	330682	138	0	0	250
5402	1	330681	330683	138	99	200	0
5501	1	330676	330678	139	0	0	250
5502	1	330677	330679	139	99	200	0
5601	1	330672	330674	140	0	0	250
5602	1	330673	330675	140	99	200	0
5701	1	330684	330689	136	0	100	0
5702	1	330685	330690	136	99	100	0
5703	1	330686	330691	136	10	0	50
5704	1	330687	330692	136	30	0	50
5705	1	330688	330693	136	50	0	150
5801	1	330694	330696	141	0	0	250
5802	1	330695	330697	141	99	200	0
5901	1	330698	330701	143	0	50	0
5902	1	330700	330703	143	99	50	0
5903	1	330699	330702	143	50	0	150
6001	1	330704	330707	144	0	100	0
6002	1	330706	330709	144	99	100	0
6003	1	330705	330708	144	50	0	250
6101	1	330710	330713	145	0	100	0
6102	1	330712	330715	145	99	100	0
6103	1	330711	330714	145	50	0	250
6201	1	330716	330719	146	0	100	0
6202	1	330718	330721	146	99	100	0
6203	1	330717	330720	146	50	0	250
6301	1	330722	330724	147	0	100	0
6302	1	330723	330725	147	99	100	0
6401	1	330726	330728	148	0	100	0
6402	1	330727	330729	148	99	100	0
6501	1	330730	330735	149	0	100	0
6502	1	330731	330736	149	99	100	0
6503	1	330732	330737	149	10	0	50
6504	1	330733	330738	149	30	0	50
6505	1	330734	330739	149	50	0	150
6601	1	330740	330745	155	0	100	0
6602	1	330741	330746	155	99	100	0
6603	1	330742	330747	155	10	0	50
6604	1	330743	330748	155	30	0	50
6605	1	330744	330749	155	50	0	150
6701	1	330750	330752	154	0	0	250
6702	1	330751	330753	154	99	200	0
6801	1	330754	330756	153	0	0	250
6802	1	330755	330757	153	99	200	0
6901	1	330758	330760	152	0	0	250
6902	1	330759	330761	152	99	200	0
7001	1	330762	330764	150	0	0	250
7002	1	330763	330765	150	99	200	0
7101	1	330766	330768	151	0	0	250
7102	1	330767	330769	151	99	200	0
7201	1	330770	330775	169	0	100	0
7202	1	330771	330776	169	99	100	0
7203	1	330772	330777	169	10	0	50
7204	1	330773	330778	169	30	0	50
7205	1	330774	330779	169	50	0	150
7301	1	330780	330782	166	0	0	250
7302	1	330781	330783	166	99	200	0
7401	1	330784	330786	167	0	0	250
7402	1	330785	330787	167	99	200	0
7501	1	330788	330790	168	0	0	250
7502	1	330789	330791	168	99	200	0
7601	1	330792	330797	172	0	100	0
7602	1	330793	330798	172	99	100	0
7603	1	330794	330799	172	10	0	50
7604	1	330795	330800	172	30	0	50
7605	1	330796	330801	172	50	0	150
7701	1	330802	330807	175	0	100	0
7702	1	330803	330808	175	99	100	0
7703	1	330804	330809	175	10	0	50
7704	1	330805	330810	175	30	0	50
7705	1	330806	330811	175	50	0	150
7801	1	330812	330817	176	0	100	0
7802	1	330813	330818	176	99	100	0
7803	1	330814	330819	176	10	0	50
7804	1	330815	330820	176	30	0	50
7805	1	330816	330821	176	50	0	150
7901	1	330826	330828	178	0	0	250
7902	1	330827	330829	178	99	200	0
8001	1	330822	330824	179	0	0	250
8002	1	330823	330825	179	99	200	0
9001	1	330830	330835	181	0	100	0
9002	1	330831	330836	181	99	100	0
9003	1	330832	330837	181	10	0	50
9004	1	330833	330838	181	30	0	50
9005	1	330834	330839	181	50	0	150
9101	1	330840	330845	182	0	100	0
9102	1	330841	330846	182	99	100	0
9103	1	330842	330847	182	10	0	50
9104	1	330843	330848	182	30	0	50
9105	1	330844	330849	182	50	0	150
9201	1	330850	330855	183	0	100	0
9202	1	330851	330856	183	99	100	0
9203	1	330852	330857	183	10	0	50
9204	1	330853	330858	183	30	0	50
9205	1	330854	330859	183	50	0	150
9301	1	330860	330862	184	0	0	250
9302	1	330861	330863	184	99	200	0
9401	1	330864	330866	185	0	0	250
9402	1	330865	330867	185	99	200	0
9501	1	330868	330870	186	0	0	250
9502	1	330869	330871	186	99	200	0
9601	1	330872	330874	187	0	0	250
9602	1	330873	330875	187	99	200	0
9701	1	330876	330881	196	0	100	0
9702	1	330877	330882	196	99	100	0
9703	1	330878	330883	196	10	0	50
9704	1	330879	330884	196	30	0	50
9705	1	330880	330885	196	50	0	150
9801	1	330886	330888	203	0	0	250
9802	1	330887	330889	203	99	200	0
9901	1	330890	330895	204	0	100	0
9902	1	330891	330896	204	99	100	0
9903	1	330892	330897	204	10	0	50
9904	1	330893	330898	204	30	0	50
9905	1	330894	330899	204	50	0	150
10001	1	330900	330905	211	0	100	0
10002	1	330904	330909	211	99	100	0
10003	1	330901	330906	211	10	0	50
10004	1	330902	330907	211	30	0	50
10005	1	330903	330908	211	50	0	150
10101	1	330910	330915	212	0	100	0
10102	1	330914	330919	212	99	100	0
10103	1	330911	330916	212	10	0	50
10104	1	330912	330917	212	30	0	50
10105	1	330913	330918	212	50	0	150
10201	1	330920	330925	213	0	100	0
10202	1	330921	330926	213	99	100	0
10203	1	330922	330927	213	10	0	50
10204	1	330923	330928	213	30	0	50
10205	1	330924	330929	213	50	0	150
10301	1	330930	330935	222	0	100	0
10302	1	330934	330939	222	99	100	0
10303	1	330931	330936	222	10	0	50
10304	1	330932	330937	222	30	0	50
10305	1	330933	330938	222	50	0	150
10401	1	330940	330945	226	0	100	0
10402	1	330944	330949	226	99	100	0
10403	1	330941	330946	226	10	0	50
10404	1	330942	330947	226	30	0	50
10405	1	330943	330948	226	50	0	150
10501	1	330950	330955	227	0	100	0
10502	1	330954	330959	227	99	100	0
10503	1	330952	330956	227	10	0	50
10504	1	330953	330957	227	30	0	50
10505	1	330951	330958	227	50	0	150
10601	1	330960	330965	228	0	100	0
10602	1	330964	330969	228	99	100	0
10603	1	330961	330966	228	10	0	50
10604	1	330962	330967	228	30	0	50
10605	1	330963	330968	228	50	0	150
10701	1	330970	330975	230	0	100	0
10702	1	330974	330979	230	99	100	0
10703	1	330971	330976	230	10	0	50
10704	1	330972	330977	230	30	0	50
10705	1	330973	330978	230	50	0	150
10801	1	330980	330985	231	0	100	0
10802	1	330984	330989	231	99	100	0
10803	1	330981	330986	231	10	0	50
10804	1	330982	330987	231	30	0	50
10805	1	330983	330988	231	50	0	150
10901	1	330990	330995	232	0	100	0
10902	1	330994	330999	232	99	100	0
10903	1	330991	330996	232	10	0	50
10904	1	330992	330997	232	30	0	50
10905	1	330993	330998	232	50	0	150
11001	1	331000	331005	235	0	100	0
11002	1	331001	331006	235	99	100	0
11003	1	331002	331007	235	10	0	50
11004	1	331003	331008	235	30	0	50
11005	1	331004	331009	235	50	0	150
11101	1	331010	331015	238	0	100	0
11102	1	331011	331016	238	99	100	0
11103	1	331012	331017	238	10	0	50
11104	1	331013	331018	238	30	0	50
11105	1	331014	331019	238	50	0	150
11201	1	331020	331023	242	0	100	0
11202	1	331021	331024	242	99	100	0
11203	1	331022	331025	242	50	0	250
11301	1	331026	331029	243	0	50	0
11302	1	331027	331030	243	99	50	0
11303	1	331028	331031	243	50	0	150
11401	1	331032	331035	244	0	100	0
11402	1	331033	331036	244	99	100	0
11403	1	331034	331037	244	50	0	250
11501	1	331038	331041	245	0	100	0
11502	1	331039	331042	245	99	100	0
11503	1	331040	331043	245	50	0	250
11601	1	331044	331049	246	0	100	0
11602	1	331045	331050	246	99	100	0
11603	1	331046	331051	246	10	0	50
11604	1	331047	331052	246	30	0	50
11605	1	331048	331053	246	50	0	150
11701	1	331054	331059	247	0	100	0
11702	1	331055	331060	247	99	100	0
11703	1	331056	331061	247	10	0	50
11704	1	331057	331062	247	30	0	50
11705	1	331058	331063	247	50	0	150
11801	1	331064	331066	249	0	0	250
11802	1	331065	331067	249	99	200	0
11901	1	331068	331070	250	0	0	250
11902	1	331069	331071	250	99	200	0
12001	1	331072	331074	251	0	0	250
12002	1	331073	331075	251	99	200	0
12101	1	331076	331078	252	0	0	250
12102	1	331077	331079	252	99	200	0
12201	1	331080	331082	253	0	0	250
12202	1	331081	331083	253	99	200	0
12301	1	331084	331086	254	0	0	250
12302	1	331085	331087	254	99	200	0
12401	1	331088	331090	255	0	0	250
12402	1	331089	331091	255	99	200	0
12501	1	331092	331094	256	0	0	250
12502	1	331093	331095	256	99	200	0
12601	1	331096	331098	257	0	0	250
12602	1	331097	331099	257	99	200	0
12701	1	331100	331102	269	0	0	250
12702	1	331101	331103	269	99	200	0
12801	1	331104	331106	270	0	0	250
12802	1	331105	331107	270	99	200	0
12901	1	331108	331113	267	0	100	0
12902	1	331109	331114	267	99	100	0
12903	1	331110	331115	267	10	0	50
12904	1	331111	331116	267	30	0	50
12905	1	331112	331117	267	50	0	150
13001	1	331118	331123	268	0	100	0
13002	1	331119	331124	268	99	100	0
13003	1	331120	331125	268	10	0	50
13004	1	331121	331126	268	30	0	50
13005	1	331122	331127	268	50	0	150
13101	1	331128	331133	275	0	100	0
13102	1	331132	331137	275	99	100	0
13103	1	331129	331134	275	10	0	50
13104	1	331130	331135	275	30	0	50
13105	1	331131	331136	275	50	0	150
13201	1	331138	331143	286	0	100	0
13202	1	331139	331144	286	99	100	0
13203	1	331140	331145	286	10	0	50
13204	1	331141	331146	286	30	0	50
13205	1	331142	331147	286	50	0	150
13301	1	331148	331153	287	0	100	0
13302	1	331149	331154	287	99	100	0
13303	1	331150	331155	287	10	0	50
13304	1	331151	331156	287	30	0	50
13305	1	331152	331157	287	50	0	150
13401	1	331158	331163	290	0	100	0
13402	1	331159	331164	290	99	100	0
13403	1	331160	331165	290	10	0	50
13404	1	331161	331166	290	30	0	50
13405	1	331162	331167	290	50	0	150
13501	1	331168	331173	291	0	100	0
13502	1	331169	331174	291	99	100	0
13503	1	331170	331175	291	10	0	50
13504	1	331171	331176	291	30	0	50
13505	1	331172	331177	291	50	0	150
13601	1	331178	331183	292	0	100	0
13602	1	331179	331184	292	99	100	0
13603	1	331180	331185	292	10	0	50
13604	1	331181	331186	292	30	0	50
13605	1	331182	331187	292	50	0	150
13701	1	331188	331193	293	0	100	0
13702	1	331189	331194	293	99	100	0
13703	1	331190	331195	293	10	0	50
13704	1	331191	331196	293	30	0	50
13705	1	331192	331197	293	50	0	150
13801	1	331198	331200	294	0	0	250
13802	1	331199	331201	294	99	200	0
13901	1	331202	331204	295	0	0	250
13902	1	331203	331205	295	99	200	0
14001	1	331206	331211	303	0	100	0
14002	1	331207	331212	303	99	100	0
14003	1	331208	331213	303	10	0	50
14004	1	331209	331214	303	30	0	50
14005	1	331210	331215	303	50	0	150
14101	1	331216	331221	305	0	100	0
14102	1	331217	331222	305	99	100	0
14103	1	331218	331223	305	10	0	50
14104	1	331219	331224	305	30	0	50
14105	1	331220	331225	305	50	0	150
14201	1	331226	331231	304	0	100	0
14202	1	331227	331232	304	99	100	0
14203	1	331228	331233	304	10	0	50
14204	1	331229	331234	304	30	0	50
14205	1	331230	331235	304	50	0	150
14301	1	331236	331241	313	0	100	0
14302	1	331237	331242	313	99	100	0
14303	1	331238	331243	313	10	0	50
14304	1	331239	331244	313	30	0	50
14305	1	331240	331245	313	50	0	150
14401	1	331246	331251	314	0	100	0
14402	1	331247	331252	314	99	100	0
14403	1	331248	331253	314	10	0	50
14404	1	331249	331254	314	30	0	50
14405	1	331250	331255	314	50	0	150
14501	1	331256	331261	315	0	100	0
14502	1	331257	331262	315	99	100	0
14503	1	331258	331263	315	10	0	50
14504	1	331259	331264	315	30	0	50
14505	1	331260	331265	315	50	0	150
14601	1	331266	331268	320	0	0	250
14602	1	331267	331269	320	99	200	0
14701	1	331270	331272	325	0	0	250
14702	1	331271	331273	325	99	200	0
14801	1	331274	331276	321	0	0	250
14802	1	331275	331277	321	99	200	0
14901	1	331278	331280	322	0	0	250
14902	1	331279	331281	322	99	200	0
15001	1	331282	331284	323	0	0	250
15002	1	331283	331285	323	99	200	0
15101	1	331286	331288	324	0	0	250
15102	1	331287	331289	324	99	200	0
15201	1	331290	331291	327	0	100	0
15202	1	331292	331293	327	99	100	0
15203	1	331294	331295	327	10	0	50
15204	1	331296	331297	327	30	0	50
15205	1	331298	331299	327	50	0	150
15301	1	331300	331305	346	0	100	0
15302	1	331301	331306	346	99	100	0
15303	1	331302	331307	346	10	0	50
15304	1	331303	331308	346	30	0	50
15305	1	331304	331309	346	50	0	150
15401	1	331310	331315	352	0	100	0
15402	1	331311	331316	352	99	100	0
15403	1	331312	331317	352	10	0	50
15404	1	331313	331318	352	30	0	50
15405	1	331314	331319	352	50	0	150
15501	1	331320	331325	367	0	100	0
15502	1	331324	331329	367	99	100	0
15503	1	331321	331326	367	10	0	50
15504	1	331322	331327	367	30	0	50
15505	1	331323	331328	367	50	0	150
15601	1	331330	331335	375	0	100	0
15602	1	331334	331339	375	99	100	0
15603	1	331331	331336	375	10	0	50
15604	1	331332	331337	375	30	0	50
15605	1	331333	331338	375	50	0	150
15701	1	331340	331345	376	0	100	0
15702	1	331341	331346	376	99	100	0
15703	1	331342	331347	376	10	0	50
15704	1	331343	331348	376	30	0	50
15705	1	331344	331349	376	50	0	150
15801	1	331350	331355	354	0	100	0
15802	1	331351	331356	354	99	100	0
15803	1	331352	331357	354	10	0	50
15804	1	331353	331358	354	30	0	50
15805	1	331354	331359	354	50	0	150
15901	1	331360	331365	369	0	100	0
15902	1	331364	331369	369	99	100	0
15903	1	331361	331366	369	10	0	50
15904	1	331362	331367	369	30	0	50
15905	1	331363	331368	369	50	0	150
16001	1	331380	331385	353	0	100	0
16002	1	331384	331389	353	99	100	0
16003	1	331381	331386	353	10	0	50
16004	1	331382	331387	353	30	0	50
16005	1	331383	331388	353	50	0	150
16101	1	331370	331375	370	0	100	0
16102	1	331374	331379	370	99	100	0
16103	1	331371	331376	370	10	0	50
16104	1	331372	331377	370	30	0	50
16105	1	331373	331378	370	50	0	150
16201	1	331390	331395	371	0	100	0
16202	1	331391	331396	371	99	100	0
16203	1	331392	331397	371	10	0	50
16204	1	331393	331398	371	30	0	50
16205	1	331394	331399	371	50	0	150
16301	1	331400	331405	387	0	100	0
16302	1	331401	331406	387	99	100	0
16303	1	331402	331407	387	10	0	50
16304	1	331403	331408	387	30	0	50
16305	1	331404	331409	387	50	0	150
16401	1	331410	331415	388	0	100	0
16402	1	331414	331419	388	99	100	0
16403	1	331411	331416	388	10	0	50
16404	1	331412	331417	388	30	0	50
16405	1	331413	331418	388	50	0	150
16501	1	331420	331425	390	0	100	0
16502	1	331421	331426	390	99	100	0
16503	1	331422	331427	390	10	0	50
16504	1	331423	331428	390	30	0	50
16505	1	331424	331429	390	50	0	150
16601	1	331430	331435	389	0	100	0
16602	1	331431	331436	389	99	100	0
16603	1	331432	331437	389	10	0	50
16604	1	331433	331438	389	30	0	50
16605	1	331434	331439	389	50	0	150
16701	1	331440	331445	391	0	100	0
16702	1	331441	331446	391	99	100	0
16703	1	331442	331447	391	10	0	50
16704	1	331443	331448	391	30	0	50
16705	1	331444	331449	391	50	0	150
16801	1	331450	331455	372	0	100	0
16802	1	331451	331456	372	99	100	0
16803	1	331452	331457	372	10	0	50
16804	1	331453	331458	372	30	0	50
16805	1	331454	331459	372	50	0	150
16901	1	331460	331463	401	0	100	0
16902	1	331461	331464	401	99	100	0
16903	1	331462	331465	401	50	0	250
17101	1	331466	331469	400	0	100	0
17102	1	331467	331470	400	99	100	0
17103	1	331468	331471	400	50	0	250
17201	1	331472	331477	405	0	100	0
17202	1	331473	331478	405	99	100	0
17203	1	331474	331479	405	10	0	50
17204	1	331475	331480	405	30	0	50
17205	1	331476	331481	405	50	0	150
17301	1	331482	331485	402	0	100	0
17302	1	331484	331487	402	99	100	0
17303	1	331483	331486	402	50	0	250
17401	1	331488	331490	398	0	0	250
17402	1	331489	331491	398	99	200	0
17501	1	331492	331494	399	0	0	250
17502	1	331493	331495	399	99	200	0
17601	1	331496	331498	410	0	0	250
17602	1	331497	331499	410	99	200	0
17701	1	331500	331502	411	0	0	250
17702	1	331501	331503	411	99	200	0
17801	1	331504	331509	414	0	100	0
17802	1	331505	331510	414	99	100	0
17803	1	331506	331511	414	10	0	50
17804	1	331507	331512	414	30	0	50
17805	1	331508	331513	414	50	0	150
17901	1	331514	331519	415	0	100	0
17902	1	331515	331520	415	99	100	0
17903	1	331516	331521	415	10	0	50
17904	1	331517	331522	415	30	0	50
17905	1	331518	331523	415	50	0	150
18001	1	331524	331526	412	0	0	250
18002	1	331525	331527	412	99	200	0
18101	1	331528	331530	413	0	0	250
18102	1	331529	331531	413	99	200	0
18201	1	331532	331534	439	0	0	250
18202	1	331533	331535	439	99	200	0
18301	1	331536	331538	421	0	0	250
18302	1	331537	331539	421	99	200	0
18401	1	331540	331542	422	0	0	250
18402	1	331541	331543	422	99	200	0
18501	1	331544	331546	424	0	0	250
18502	1	331545	331547	424	99	200	0
18601	1	331548	331549	425	0	0	250
18602	1	331550	331551	425	99	200	0
18701	1	331552	331553	420	0	0	250
18702	1	331554	331555	420	99	200	0
18801	1	331556	331557	423	0	0	250
18802	1	331558	331559	423	99	200	0
18901	1	331560	331562	440	0	0	250
18902	1	331561	331563	440	99	200	0
19001	1	331564	331569	438	0	100	0
19002	1	331568	331573	438	99	100	0
19003	1	331565	331570	438	10	0	50
19004	1	331566	331571	438	30	0	50
19005	1	331567	331572	438	50	0	150
19101	1	331574	331579	447	0	100	0
19102	1	331575	331580	447	99	100	0
19103	1	331576	331581	447	10	0	50
19104	1	331577	331582	447	30	0	50
19105	1	331578	331583	447	50	0	150
19201	1	331584	331589	443	0	100	0
19202	1	331585	331590	443	99	100	0
19203	1	331586	331591	443	10	0	50
19204	1	331587	331592	443	30	0	50
19205	1	331588	331593	443	50	0	150
19301	1	331594	331599	451	0	100	0
19302	1	331598	331603	451	99	100	0
19303	1	331595	331600	451	10	0	50
19304	1	331596	331601	451	30	0	50
19305	1	331597	331602	451	50	0	150
19401	1	331604	331609	442	0	100	0
19402	1	331605	331610	442	99	100	0
19403	1	331606	331611	442	10	0	50
19404	1	331607	331612	442	30	0	50
19405	1	331608	331613	442	50	0	150
19501	1	331614	331619	467	0	100	0
19502	1	331615	331620	467	99	100	0
19503	1	331616	331621	467	10	0	50
19504	1	331617	331622	467	30	0	50
19505	1	331618	331623	467	50	0	150
19601	1	331624	331629	475	0	100	0
19602	1	331625	331630	475	99	100	0
19603	1	331626	331631	475	10	0	50
19604	1	331627	331632	475	30	0	50
19605	1	331628	331633	475	50	0	150
19701	1	331634	331639	468	0	100	0
19702	1	331638	331643	468	99	100	0
19703	1	331635	331640	468	10	0	50
19704	1	331636	331641	468	30	0	50
19705	1	331637	331642	468	50	0	150
19801	1	331644	331649	478	0	100	0
19802	1	331648	331653	478	99	100	0
19803	1	331645	331650	478	10	0	50
19804	1	331646	331651	478	30	0	50
19805	1	331647	331652	478	50	0	150
19901	1	331654	331659	463	0	100	0
19902	1	331655	331660	463	99	100	0
19903	1	331656	331661	463	10	0	50
19904	1	331657	331662	463	30	0	50
19905	1	331658	331663	463	50	0	150
20001	1	331664	331669	532	0	100	0
20002	1	331668	331673	532	99	100	0
20003	1	331665	331670	532	10	0	50
20004	1	331666	331671	532	30	0	50
20005	1	331667	331672	532	50	0	150
20101	1	331674	331679	474	0	100	0
20102	1	331675	331680	474	99	100	0
20103	1	331676	331681	474	10	0	50
20104	1	331677	331682	474	30	0	50
20105	1	331678	331683	474	50	0	150
20201	1	331684	331686	483	0	0	250
20202	1	331685	331687	483	99	200	0
20301	1	331684	331686	484	0	0	250
20302	1	331685	331687	484	99	200	0
20401	1	331688	331690	479	0	0	250
20402	1	331689	331691	479	99	200	0
20501	1	331692	331694	480	0	0	250
20502	1	331693	331695	480	99	200	0
20601	1	331696	331708	499	0	0	250
20602	1	331697	331709	499	99	200	0
20701	1	331698	331710	500	0	0	250
20702	1	331699	331711	500	99	200	0
20801	1	331700	331712	501	0	0	250
20802	1	331701	331713	501	99	200	0
20901	1	331702	331714	502	0	0	250
20902	1	331703	331715	502	99	200	0
21001	1	331704	331716	503	0	0	250
21002	1	331705	331717	503	99	200	0
21101	1	331706	331718	504	0	0	250
21102	1	331707	331719	504	99	200	0
21201	1	331720	331725	482	0	100	0
21202	1	331721	331726	482	99	100	0
21203	1	331722	331727	482	10	0	50
21204	1	331723	331728	482	30	0	50
21205	1	331724	331729	482	50	0	150
21301	1	331730	331735	461	0	100	0
21302	1	331731	331736	461	99	100	0
21303	1	331732	331737	461	10	0	50
21304	1	331733	331738	461	30	0	50
21305	1	331734	331739	461	50	0	150
21401	1	331740	331742	487	0	0	250
21402	1	331741	331743	487	99	200	0
21501	1	331744	331746	491	0	0	250
21502	1	331745	331747	491	99	200	0
21601	1	331748	331750	489	0	0	250
21602	1	331749	331751	489	99	200	0
21701	1	331752	331754	490	0	0	250
21702	1	331753	331755	490	99	200	0
21801	1	331756	331758	492	0	0	250
21802	1	331757	331759	492	99	200	0
21901	1	331760	331761	471	0	100	0
21902	1	331768	331769	471	99	100	0
21903	1	331762	331763	471	10	0	50
21904	1	331764	331765	471	30	0	50
21905	1	331766	331767	471	50	0	150
22001	1	331770	331775	526	0	100	0
22002	1	331771	331776	526	99	100	0
22003	1	331772	331777	526	10	0	50
22004	1	331773	331778	526	30	0	50
22005	1	331774	331779	526	50	0	150
22101	1	331780	331785	535	0	100	0
22102	1	331781	331786	535	99	100	0
22103	1	331782	331787	535	10	0	50
22104	1	331783	331788	535	30	0	50
22105	1	331784	331789	535	50	0	150
22201	1	331790	331795	512	0	100	0
22202	1	331791	331796	512	99	100	0
22203	1	331792	331797	512	10	0	50
22204	1	331793	331798	512	30	0	50
22205	1	331794	331799	512	50	0	150
22301	1	331800	331805	511	0	100	0
22302	1	331801	331806	511	99	100	0
22303	1	331802	331807	511	10	0	50
22304	1	331803	331808	511	30	0	50
22305	1	331804	331809	511	50	0	150
22401	1	331810	331815	513	0	100	0
22402	1	331811	331816	513	99	100	0
22403	1	331812	331817	513	10	0	50
22404	1	331813	331818	513	30	0	50
22405	1	331814	331819	513	50	0	150
22501	1	331820	331822	514	0	0	250
22502	1	331821	331823	514	99	200	0
22601	1	331824	331829	555	0	100	0
22602	1	331825	331830	555	99	100	0
22603	1	331826	331831	555	10	0	50
22604	1	331827	331832	555	30	0	50
22605	1	331828	331833	555	50	0	150
22701	1	331834	331839	462	0	100	0
22702	1	331835	331840	462	99	100	0
22703	1	331836	331841	462	10	0	50
22704	1	331837	331842	462	30	0	50
22705	1	331838	331843	462	50	0	150
22801	1	331844	331849	534	0	100	0
22802	1	331845	331850	534	99	100	0
22803	1	331846	331851	534	10	0	50
22804	1	331847	331852	534	30	0	50
22805	1	331848	331853	534	50	0	150
22901	1	331854	331859	548	0	100	0
22902	1	331855	331860	548	99	100	0
22903	1	331856	331861	548	10	0	50
22904	1	331857	331862	548	30	0	50
22905	1	331858	331863	548	50	0	150
23001	1	331864	331869	553	0	100	0
23002	1	331865	331870	553	99	100	0
23003	1	331866	331871	553	10	0	50
23004	1	331867	331872	553	30	0	50
23005	1	331868	331873	553	50	0	150
23101	1	331874	331879	559	0	100	0
23102	1	331875	331880	559	99	100	0
23103	1	331876	331881	559	10	0	50
23104	1	331877	331882	559	30	0	50
23105	1	331878	331883	559	50	0	150
23201	1	331884	331889	449	0	100	0
23202	1	331885	331890	449	99	100	0
23203	1	331886	331891	449	10	0	50
23204	1	331887	331892	449	30	0	50
23205	1	331888	331893	449	50	0	150
23301	1	331894	331899	578	0	100	0
23302	1	331895	331900	578	99	100	0
23303	1	331896	331901	578	10	0	50
23304	1	331897	331902	578	30	0	50
23305	1	331898	331903	578	50	0	150
23401	1	331904	331909	551	0	100	0
23402	1	331905	331910	551	99	100	0
23403	1	331906	331911	551	10	0	50
23404	1	331907	331912	551	30	0	50
23405	1	331908	331913	551	50	0	150
23501	1	331914	331917	580	0	100	0
23502	1	331915	331918	580	99	100	0
23503	1	331916	331919	580	50	0	250
23601	1	331920	331923	579	0	100	0
23602	1	331921	331924	579	99	100	0
23603	1	331922	331925	579	50	0	250
23701	1	331926	331928	623	0	0	250
23702	1	331927	331929	623	99	200	0
23801	1	331930	331935	611	0	100	0
23802	1	331931	331936	611	99	100	0
23803	1	331932	331937	611	10	0	50
23804	1	331933	331938	611	30	0	50
23805	1	331934	331939	611	50	0	150
23901	1	331940	331945	572	0	100	0
23902	1	331941	331946	572	99	100	0
23903	1	331942	331947	572	10	0	50
23904	1	331943	331948	572	30	0	50
23905	1	331944	331949	572	50	0	150
24001	1	331950	331955	573	0	100	0
24002	1	331951	331956	573	99	100	0
24003	1	331952	331957	573	10	0	50
24004	1	331953	331958	573	30	0	50
24005	1	331954	331959	573	50	0	150
24101	1	331960	331965	567	0	100	0
24102	1	331961	331966	567	99	100	0
24103	1	331962	331967	567	10	0	50
24104	1	331963	331968	567	30	0	50
24105	1	331964	331969	567	50	0	150
24201	1	331970	331972	576	0	0	250
24202	1	331971	331973	576	99	200	0
24301	1	331974	331976	599	0	0	250
24302	1	331975	331977	599	99	200	0
24401	1	331978	331983	556	0	100	0
24402	1	331979	331984	556	99	100	0
24403	1	331980	331985	556	10	0	50
24404	1	331981	331986	556	30	0	50
24405	1	331982	331987	556	50	0	150
24501	1	331988	331990	601	0	0	250
24502	1	331989	331991	601	99	200	0
24601	1	331992	331994	600	0	0	250
24602	1	331993	331995	600	99	200	0
24701	1	331996	332001	608	0	100	0
24702	1	331997	332002	608	99	100	0
24703	1	331998	332003	608	10	0	50
24704	1	331999	332004	608	30	0	50
24705	1	332000	332005	608	50	0	150
24801	1	332006	332011	581	0	100	0
24802	1	332007	332012	581	99	100	0
24803	1	332008	332013	581	10	0	50
24804	1	332009	332014	581	30	0	50
24805	1	332010	332015	581	50	0	150
24901	1	332016	332021	477	0	100	0
24902	1	332017	332022	477	99	100	0
24903	1	332018	332023	477	10	0	50
24904	1	332019	332024	477	30	0	50
24905	1	332020	332025	477	50	0	150
25001	1	332026	332031	633	0	100	0
25002	1	332027	332032	633	99	100	0
25003	1	332028	332033	633	10	0	50
25004	1	332029	332034	633	30	0	50
25005	1	332030	332035	633	50	0	150
25101	1	332036	332041	539	0	100	0
25102	1	332037	332042	539	99	100	0
25103	1	332038	332043	539	10	0	50
25104	1	332039	332044	539	30	0	50
25105	1	332040	332045	539	50	0	150
25201	1	332046	332051	638	0	100	0
25202	1	332047	332052	638	99	100	0
25203	1	332048	332053	638	10	0	50
25204	1	332049	332054	638	30	0	50
25205	1	332050	332055	638	50	0	150
25301	1	332056	332061	460	0	100	0
25302	1	332057	332062	460	99	100	0
25303	1	332058	332063	460	10	0	50
25304	1	332059	332064	460	30	0	50
25305	1	332060	332065	460	50	0	150
25401	1	332066	332071	662	0	100	0
25402	1	332067	332072	662	99	100	0
25403	1	332068	332073	662	10	0	50
25404	1	332069	332074	662	30	0	50
25405	1	332070	332075	662	50	0	150
25501	1	332076	332081	538	0	100	0
25502	1	332080	332085	538	99	100	0
25503	1	332077	332082	538	10	0	50
25504	1	332078	332083	538	30	0	50
25505	1	332079	332084	538	50	0	150
25601	1	332086	332088	610	0	0	250
25602	1	332087	332089	610	99	200	0
25701	1	332090	332095	661	0	100	0
25702	1	332091	332096	661	99	100	0
25703	1	332092	332097	661	10	0	50
25704	1	332093	332098	661	30	0	50
25705	1	332094	332099	661	50	0	150
25801	1	332100	332102	707	0	0	250
25802	1	332101	332103	707	99	200	0
25901	1	332104	332109	640	0	100	0
25902	1	332105	332110	640	99	100	0
25903	1	332106	332111	640	10	0	50
25904	1	332107	332112	640	30	0	50
25905	1	332108	332113	640	50	0	150
26001	1	332114	332116	591	0	0	250
26002	1	332115	332117	591	99	200	0
26101	1	332118	332120	681	0	0	250
26102	1	332119	332121	681	99	200	0
26201	1	332122	332124	680	0	0	250
26202	1	332123	332125	680	99	200	0
26301	1	332126	332128	679	0	0	250
26302	1	332127	332129	679	99	200	0
26401	1	332130	332135	675	0	100	0
26402	1	332131	332136	675	99	100	0
26403	1	332132	332137	675	10	0	50
26404	1	332133	332138	675	30	0	50
26405	1	332134	332139	675	50	0	150
26501	1	332140	332142	713	0	0	250
26502	1	332141	332143	713	99	200	0
26601	1	332144	332146	722	0	0	250
26602	1	332145	332147	722	99	200	0
26701	1	332148	332153	650	0	100	0
26702	1	332149	332154	650	99	100	0
26703	1	332150	332155	650	10	0	50
26704	1	332151	332156	650	30	0	50
26705	1	332152	332157	650	50	0	150
26801	1	332158	332163	678	0	100	0
26802	1	332159	332164	678	99	100	0
26803	1	332160	332165	678	10	0	50
26804	1	332161	332166	678	30	0	50
26805	1	332162	332167	678	50	0	150
26901	1	332168	332173	656	0	100	0
26902	1	332169	332174	656	99	100	0
26903	1	332170	332175	656	10	0	50
26904	1	332171	332176	656	30	0	50
26905	1	332172	332177	656	50	0	150
27001	1	332178	332180	717	0	0	250
27002	1	332179	332181	717	99	200	0
27101	1	332182	332184	714	0	0	250
27102	1	332183	332185	714	99	200	0
27201	1	332186	332188	708	0	0	250
27202	1	332187	332189	708	99	200	0
27301	1	332190	332192	709	0	0	250
27302	1	332191	332193	709	99	200	0
27401	1	332194	332196	730	0	0	250
27402	1	332195	332197	730	99	200	0
27501	1	332198	332200	731	0	0	250
27502	1	332199	332201	731	99	200	0
27601	1	332202	332204	735	0	0	250
27602	1	332203	332205	735	99	200	0
27701	1	332206	332208	736	0	0	250
27702	1	332207	332209	736	99	200	0
27801	1	332210	332212	660	0	0	250
27802	1	332211	332213	660	99	200	0
27901	1	332214	332216	749	0	0	250
27902	1	332215	332217	749	99	200	0
28001	1	332218	332223	760	0	100	0
28002	1	332219	332224	760	99	100	0
28003	1	332220	332225	760	10	0	50
28004	1	332221	332226	760	30	0	50
28005	1	332222	332227	760	50	0	150
28101	1	332228	332233	566	0	100	0
28102	1	332229	332234	566	99	100	0
28103	1	332230	332235	566	10	0	50
28104	1	332231	332236	566	30	0	50
28105	1	332232	332237	566	50	0	150
29101	1	332238	332243	721	0	100	0
29102	1	332239	332244	721	99	100	0
29103	1	332240	332245	721	10	0	50
29104	1	332241	332246	721	30	0	50
29105	1	332242	332247	721	50	0	150
29201	1	332248	332253	448	0	100	0
29202	1	332249	332254	448	99	100	0
29203	1	332250	332255	448	10	0	50
29204	1	332251	332256	448	30	0	50
29205	1	332252	332257	448	50	0	150
29301	1	332258	332263	774	0	100	0
29302	1	332259	332264	774	99	100	0
29303	1	332260	332265	774	10	0	50
29304	1	332261	332266	774	30	0	50
29305	1	332262	332267	774	50	0	150
29401	1	332268	332273	772	0	100	0
29402	1	332269	332274	772	99	100	0
29403	1	332270	332275	772	10	0	50
29404	1	332271	332276	772	30	0	50
29405	1	332272	332277	772	50	0	150
29501	1	332278	332283	758	0	100	0
29502	1	332279	332284	758	99	100	0
29503	1	332280	332285	758	10	0	50
29504	1	332281	332286	758	30	0	50
29505	1	332282	332287	758	50	0	150
29601	1	332288	332293	747	0	100	0
29602	1	332289	332294	747	99	100	0
29603	1	332290	332295	747	10	0	50
29604	1	332291	332296	747	30	0	50
29605	1	332292	332297	747	50	0	150
29701	1	332298	332300	755	0	0	250
29702	1	332299	332301	755	99	200	0
29801	1	332302	332307	770	0	100	0
29802	1	332303	332308	770	99	100	0
29803	1	332304	332309	770	10	0	50
29804	1	332305	332310	770	30	0	50
29805	1	332306	332311	770	50	0	150
29901	1	332312	332314	759	0	0	250
29902	1	332313	332315	759	99	200	0
30001	1	332316	332318	757	0	0	250
30002	1	332317	332319	757	99	200	0
30101	1	332320	332322	782	0	0	250
30102	1	332321	332323	782	99	200	0
30201	1	332324	332326	783	0	0	250
30202	1	332325	332327	783	99	200	0
30301	1	332328	332333	544	0	100	0
30302	1	332329	332334	544	99	100	0
30303	1	332330	332335	544	10	0	50
30304	1	332331	332336	544	30	0	50
30305	1	332332	332337	544	50	0	150
30401	1	332338	332340	804	0	0	250
30402	1	332339	332341	804	99	200	0
30501	1	332342	332344	817	0	0	250
30502	1	332343	332345	817	99	200	0
30601	1	332346	332348	818	0	0	250
30602	1	332347	332349	818	99	200	0
30701	1	332350	332352	819	0	0	250
30702	1	332351	332353	819	99	200	0
30801	1	332354	332359	806	0	100	0
30802	1	332355	332360	806	99	100	0
30803	1	332356	332361	806	10	0	50
30804	1	332357	332362	806	30	0	50
30805	1	332358	332363	806	50	0	150
30901	1	332364	332366	812	0	0	250
30902	1	332365	332367	812	99	200	0
31001	1	332368	332370	756	0	0	250
31002	1	332369	332371	756	99	200	0
31101	1	332372	332374	820	0	0	250
31102	1	332373	332375	820	99	200	0
31201	1	332376	332378	658	0	0	250
31202	1	332377	332379	658	99	200	0
31301	1	332380	332385	557	0	100	0
31302	1	332381	332386	557	99	100	0
31303	1	332382	332387	557	10	0	50
31304	1	332383	332388	557	30	0	50
31305	1	332384	332389	557	50	0	150
31401	1	332390	332395	450	0	100	0
31402	1	332391	332396	450	99	100	0
31403	1	332392	332397	450	10	0	50
31404	1	332393	332398	450	30	0	50
31405	1	332394	332399	450	50	0	150
31501	1	332400	332402	805	0	0	250
31502	1	332401	332403	805	99	200	0
31601	1	332404	332406	754	0	0	250
31602	1	332405	332407	754	99	200	0
31701	1	332408	332410	838	0	0	250
31702	1	332409	332411	838	99	200	0
31801	1	332412	332417	771	0	100	0
31802	1	332413	332418	771	99	100	0
31803	1	332414	332419	771	10	0	50
31804	1	332415	332420	771	30	0	50
31805	1	332416	332421	771	50	0	150
31901	1	332422	332424	829	0	0	250
31902	1	332423	332425	829	99	200	0
32001	1	332426	332428	832	0	0	250
32002	1	332427	332429	832	99	200	0
32101	1	332430	332432	833	0	0	250
32102	1	332431	332433	833	99	200	0
32201	1	332434	332436	848	0	0	250
32202	1	332435	332437	848	99	200	0
32301	1	332438	332440	849	0	0	250
32302	1	332439	332441	849	99	200	0
32401	1	332442	332444	866	0	0	250
32402	1	332443	332445	866	99	200	0
32501	1	332446	332451	780	0	100	0
32502	1	332447	332452	780	99	100	0
32503	1	332448	332453	780	10	0	50
32504	1	332449	332454	780	30	0	50
32505	1	332450	332455	780	50	0	150
32601	1	332456	332458	876	0	0	250
32602	1	332457	332459	876	99	200	0
32701	1	332460	332462	877	0	0	250
32702	1	332461	332463	877	99	200	0
32801	1	332464	332466	878	0	0	250
32802	1	332465	332467	878	99	200	0
